10111110011000010011010010000110
10111110111010110110101101111110
00111110101111111110001011100010
10111111001011001010000010010000
10111111000100110000010010100101
00111111011011010011011100010001
00111110101000011101011111100100
00111110000000011110001111001001
00111110110011010101111100001100
10111110001100001000111001110010
00111110001000101100000111100001
10111111110100100000001011101111
10111101010000100101010011010001
00111110101111010111101101011111
00111110110111101110011110100110
00111110101101011111101111011011
