00111110100011110111100111101010
00111110010011101100101111111100
00111110100000000010100101100110
00111110011110111110010011000001
00111110100001001110100110001011
00111110011011010001101111101011
00111110100000011101000101100111
00111110100100011111011010101111
00111110010101110000000101101001
00111110011011000000110110101110
00111110011011110011011111111111
00111110011000101000101111111001
00111110100000110011011000000110
00111110011111110000011010010100
00111110100010001100110010101101
00111110010110110101110010100111
00111110011000001010010101110001
00111110100000101111011101011010
00111110100010000011000010110100
00111110011100001010011011010010
00111110010110101010011011001000
00111110011110100100001110000001
00111110100001100100000111110010
00111110011011111100010111101110
00111110100001001101101111010101
00111110011110111001101010001111
00111110010110101011101001101100
00111110100000100011011111101001
00111110011111111110000100010101
00111110011111100100111010000011
00111110010011111100101110000100
00111110100000111111010111100110
00111110011011101000001011101000
00111110011010110100001110010101
00111110011010010011100100011000
00111110011101011010000000001010
00111110011101111001001110100001
00111110100000001111000110000011
00111110100001010010111011000011
00111110011111110000011000000000
00111110100001100100001101000101
00111110010111110100111001111101
00111110100101110001010101010001
00111110100100100100011100000011
00111110010011100111001011011011
00111110100011011110000000000011
00111110100011100000000101010010
00111110011111010011000000111010
00111110010101100000101010100101
00111110100010010110010110100001
00111110011110101110001100011110
00111110011101101101000110010010
00111110100011010101110010100010
00111110100111111101110001100010
00111110100000001010001001011101
00111110011111010000000111111000
00111110011110001000011101011100
00111110011100100001111001101100
00111110010111011101011111011011
00111110011011111110000110101011
00111110011001101011110010110001
00111110011000000000110011011011
00111110100011010100110101110111
00111110011101011011101000111011