00111110110101000111000000001111
00111110111000011011011011110100
00111110110111110111100111110001
00111110110111010011110001001111
00111110111001011100101001110000
00111111000000001011011010101011
00111110111001000101100101011100
00111110111101000000011011111001
00111110111010001001010000110010
00111111000000011100011000111011
00111110111111000000011100110101
00111110111010110011001000111100
00111110110100111101101001011111
00111111000000011010101011000111
00111110110101000010011011111011
00111110111000110110111011010110
00111110111100110000010100101001
00111110110101000000111111100011
00111110111100000011000011110000
00111110110100011101010011111000
00111110111000000000110000001001
00111110110010011111010010010100
00111111000000100011010111100001
00111110111000110100101110100001
00111111000001000110000010101000
00111110111100001010011100101010
00111110110111100000001100101011
00111110110010111100111011000000
00111110110010110011111110101110
00111110111101010101000110000001
00111110111101001100000101110100
00111110111000110010110000100000
00111110101111111000111011001000
00111110111010111100110010100111
00111110111111101000111011001111
00111110111110100010100100100010
00111111000001100011010110000001
00111110111001001001100000100100
00111110111111101101110000110111
00111110111010011011101010010011
00111110110101110011011111110000
00111110111001101111111001010111
00111111000010000110001000110110
00111110110111101010000111011000
00111110111001000010000110010100
00111110110100000110100010001101
00111110110110000001000100100100
00111110110111001101001001000100
00111110111011100000011101011001
00111110111001010010100100011110
00111110111101101110010010111101
00111110101111000001110000100001
00111110111100110011111001110000
00111110111100001000100011001011
00111110110111111111110100010100
00111110111011011001000000010100
00111110110010001001011111001001
00111110111000110001001101001110
00111110111000001011111100010101
00111110111100011110011000101010
00111110110100110100001110001111
00111110110101001110001000000101
00111110110110101110111011101111
00111110111001011011000001101001