10111110101111010101011111001001
10111101111001101011101110100010
00111101010011101000101111101010
10111111000011100101101001000010
00111111000011000110011011111111
00111110011000110010110000101011
10111101100101111111111111000000
00111110100110010101101111111010
00111110100110011000101100100011
00111111000101000110010101100010
10111101001001111111101001011001
00111110010011100110110010111000
10111111100110001111111011000000
00111110110100000100000001111110
00111110101110010101110100001110
00111111001011001001000011101000
00111110111111010111101000100101
10111110010110110100010001000111
10111111100001001101000000100111
10111111001111011111011100110001
00111111010001010111011001001011
10111110101010011110110001110000
10111110110001100110101110100110
00111111101000011111110001101110
00111110100000101011000100011110
00111111011100000000101001101010
10111111000001001011010111101111
10111110110100110100111101111010
00111111001101010101110011011000
10111111100000111011000000011101
00111111100001100011110101010111
10111110100001000010010111011110
00111110100000001001100001011010
00111101101000100001001011111001
10111011011001011110000101100100
10111101101101100001011011010101
00111110010011010001010011010111
00111111010111100110000011100000
10111111100111001111010001011101
00111110111111010011001101101111
00111110011101111011111110100100
10111100111111111100100110110011
10111110010011110010000100111110
00111111010000100101001100010000
10111111100000111011111100011001
00111110000100100001010100100110
10111111100011000100011110110100
00111110100110100001001000100100
00111101100101110110110111001101
10111111100000000101010100101111
10111111010001001110100100011101
10111111000110000001101010100111
10111101100101100011010111010000
10111110100100111111111001100011
00111110001011101000011010010000
00111111100001000011100101000001
10111110110101001000100011000011
10111110101100101001110001101111
00111110100011011111000001101001
10111111010100101000001111111000
00111111100111010001001101110100
10111110001011001110111111101100
00111111010110011101111110111101
00111111100001101101000010101110