00111111011101011100010110000111
00111111010010111101011100110010
00111111010111001001111101001001
00111101111100110001110001110100
00111111001101011101111011110001
10111101010000100010010111010100
00111110111101100010100110100011
00111110111010111111100001111000
10111110011000001011111000111010
10111110111110110000110110110101
00111111000110010010011111011000
00111110110101101001010110001110
00111111001100100001001101011110
00111110001000101011100100111011
00111101100000010001100100011100
00111101110111110010001100101100
00111111001100000010110111101100
00111111100001011110000100010010
00111111001001101100011110111101
00111111011010000001011011101011
00111110111110011110111111001010
00111111010010101010011110111011
00111111001000000001000101100111
00111101001011011001110101110101
00111110101110000111001011100100
00111110100011101100110001011001
00111111001100101010001001101100
00111111001010110001110001011100
00111111010000011010000001010000
00111110110100101110110000001101
10111110101010100100001101101001
00111111011011110001110110011001
00111110111000000110100001011110
00111100110110100011100111101101
00111110111011110000111010101111
00111111010010011001001111010101
00111110111010001101111000010000
00111111000001101010110111010000
00111110110110111100101100001100
00111111010011101011111010001011
00111110100111110000100001110001
00111101111111100001011001111001
00111110111110110001101011000110
10111100101001100000011110100001
00111111000101010110011110110111
00111111001000011110101101100100
00111110101111111110000000011011
00111111001000011100110100101010
00111111010011001011101100011010
00111101000100010101100011001101
10111110011100010001010000011011
00111111001110001011111110000011
00111111000011101110110001000000
10111111000111101001110100101111
10111101001111001000010010100000
00111100101011010011101100101111
00111110111101100000010101101011
00111111000000101000101111111001
10111101110001110011011100000001
00111111001100100011101100111100
00111111100111111011000100111001
00111110100000101011101111110100
00111110010001110011110111100010
00111111001011011001111111110010