5.807669
5.144415
5.248003
5.3548694
4.9634914
3.9547737
5.026377
4.4011345
4.8451777
3.890368
4.12607
4.7379184
5.8397775
3.8968067
5.8233113
5.0669594
4.4376955
5.8282676
4.54287
5.9528356
5.2212977
6.426307
3.8643436
5.0730944
3.7388241
4.525447
5.317456
6.310013
6.3447676
4.3549185
4.3749704
5.0785933
7.142985
4.713704
4.044451
4.1879177
3.6374521
5.015596
4.0348577
4.79761
5.658534
4.9119277
3.522347
5.2878833
5.0359855
6.0344477
5.614174
5.374982
4.625806
4.9908323
4.299516
7.4072685
4.4295335
4.529913
5.2240224
4.643971
6.5139155
5.0829315
5.1888447
4.478933
5.872397
5.7834015
5.4681034
4.9678874