-2.3138225
-1.8061796
-1.974457
-0.27471977
-1.5829258
0.09427318
-1.0780103
-0.96698457
0.4831545
0.9672696
-1.2153852
-0.9123624
-1.6811247
-0.3137333
-0.15212905
-0.2452782
-1.4499158
-2.525283
-1.3887291
-2.212147
-1.1155546
-2.0069304
-1.2293019
-0.09547875
-0.69667697
-0.5933782
-1.6092298
-1.6791401
-1.9053128
-0.85978913
0.69564605
-2.1051471
-1.1714885
-0.057842135
-0.9391082
-1.611584
-0.8675552
-1.178323
-0.8624067
-1.7690957
-0.73893726
-0.2749945
-0.9205818
0.046609893
-1.3098179
-1.5538672
-0.88803685
-1.4654509
-1.7202201
-0.07928221
0.48822373
-1.9642572
-1.1751403
1.318847
0.10520518
-0.0455751
-1.2264699
-1.1498098
0.2215996
-1.4736012
-3.0235603
-0.6141132
-0.4550283
-1.5118244