1.3196814
0.55787355
-0.2014511
2.2605193
-2.1127067
-0.958093
0.29271567
-1.050668
-1.4282751
-2.5146174
0.17554846
-0.9111791
4.6640935
-1.6331838
-1.355001
-3.1466908
-2.2566779
0.8371117
3.9008105
3.15752
-3.612362
1.3579564
1.4779088
-5.4046435
-0.9836905
-3.8161702
2.4269514
1.6227388
-2.8351293
4.1426497
-5.168156
1.00142
-1.0783145
-0.3444516
0.01540106
0.3706648
-0.82835513
-3.4492407
4.7139635
-1.985707
-0.92262584
0.14318201
0.68548244
-2.656931
5.105249
-0.5148284
3.9514084
-1.2170452
-0.35373712
3.7361152
3.1394286
2.4650345
0.26564842
0.9257656
-0.6783794
-4.1808577
1.7103392
1.4754
-1.2796346
3.5103247
-5.4460597
0.771868
-3.0837927
-4.3890953