12.733444
24.518536
15.958649
16.524923
14.838173
18.650064
15.554008
12.303126
22.682014
18.81725
18.322546
20.429743
15.2254715
16.121487
14.006827
21.790014
20.776894
15.282449
14.13244
18.104988
21.931849
16.740881
14.542272
18.237906
14.850139
16.563019
21.916466
15.458491
16.014107
16.212782
24.283537
15.052995
18.431396
18.943756
19.276783
17.379179
17.10626
15.765732
14.777984
16.121773
14.541154
21.026945
11.48337
12.250395
24.601305
13.022505
12.998651
16.356327
22.886776
13.885267
16.657772
17.211502
13.117237
10.256831
15.841612
16.3797
16.975441
17.886217
21.305286
18.221432
19.694416
20.887592
13.12824
17.364708