00111110010101101101111000100000
00111110010000010111101010011111
00111110011010010010110101100111
00111110011101100100111011100010
00111110001000111011101011001100
00111110010111100011001000001001
00111110010111010011111011110111
00111110011010000100111111010001
00111110010001111000011011110101
00111110001010010101100011001110
00111110000110001001000101011101
00111110001000001011101010001011
00111110010011100011101100010100
00111110000101010000010010001011
00111110010011110011100010111110
00111110000011001001010101010110
00111110001111010000010011011001
00111110010111100110100100111000
00111110011001010001000111001110
00111110000100110001010100111011
00111110001111100100011110101000
00111110001111100111111001010101
00111110011001101100000111001000
00111110011100011101011000111101
00111110000011101010000101010111
00111110010101111010001011100011
00111110001100101110111111001001
00111110000000011000101001100100
00111110001100110110110000000110
00111110001101100100111101110100
00111110010111001001011100110011
00111110000101110001011011011101
00111101111100100000010000001001
00111110000111010000001110000110
00111110010110100101101010100110
00111110001011010001101101000001
00111110001010001010100100011100
00111110011000010110010011101001
00111110000100110111001111101110
00111110000110000101111101111111
00111110001110101010010111101110
00111110001100101011001001000110
00111110001011011011110010010001
00111110010010001001100001111001
00111110000010110111111110000011
00111110001001001111101110000001
00111110011100011111010101010001
00111110100010110011100110001010
00111110000100111011011001011011
00111110000010000100110010101010
00111110000000110001100001110001
00111110010010010010101001001111
00111110011000001100001011011001
00111110010011010011101110100010
00111110001000011011100000101001
00111110001101011011111011010011
00111110000100011001100100001011
00111110010111100100010010011000
00111110001101111011110110011110
00111110000100010000011000100100
00111110000110101101011100011100
00111110010000101110100011101010
00111110001000000001100100010001
00111110001101101011000110101100
00111110001101110010110011000101
00111110001010110001101001010001
00111110011000101100101100101100
00111110000101101111111011010100
00111110011000000011111110100000
00111110100010111011001000001001
00111110000011101100101101011010
00111110001001101010001011100100
00111110001101011001011011010110
00111110001110010101010101110010
00111110000010010001011100101010
00111110010101000000100101101100
00111110010000110001010100001110
00111110000111111101110101000111
00111101111001100001000100011010
00111110001111100101011101100110
00111110001001110110000011000000
00111110001010010111111001101111
00111110011000110100001101100011
00111110010111110010000001101011
00111110001100111000000001110010
00111110010100001111001100001010
00111110011000111110111100100000
00111110010010110100101011100011
00111110000011111100010110111000
00111110001100101111010010000011
00111110010010111111101110101100
00111110000001111000000010111010
00111110000110100000100100100011
00111110000110101001110111010110
00111110001000000001101001000010
00111110010111010010001001011010
00111110010101101010000010010010
00111110001100001100010011001000
00111110010010101001110110101110
00111110011101110011100000110101
00111110001001100111010011001111
00111110011100111010110100000101
00111110000000011111011111000010
00111110001001111001100111001001
00111110000000010011010010101011
00111110010000001011111100000101
00111110000111011100111110111010
00111110000101000000110100111001
00111110010101101110110010010001
00111101111011000100011011110011
00111110000001011001100110011101
00111110010010111100111100101011
00111110000000101011100110111000
00111110100011010010101011111011
00111110010000101101111011011111
00111110011011001111100000110110
00111101111111110010001100100101
00111110001111011010111110001110
00111110011101001111010111111011
00111110000101101111011011100111
00111110000000100110111110010000
00111110001111100110101000110100
00111110010001011011100100000010
00111110001010011001010100000110
00111110010100101110010001000001
00111110010110011100101010101011
00111110000100001100000100100111
00111110010011000010001001011001