10111111011011001011011100011011
00111111001110110010110011011111
10111101000011010000000101001000
10111110001101011011011011100001
10111101110101000100100010111101
10111110101100010101010000000001
10111110111100000011100001100001
10111110101110111100100110100111
10111110011011101101011001110010
00111101000111001101111011000001
10111110000011101011111011111101
00111111011110011011100010011100
00111111001100010010001011111000
10111110101011010011001101100011
00111101101100000001100000101001
10111110101111101110110100010010
10111110100100010011010010110001
10111110100111101101010111001110
10111110100000101110011010111011
00111101110110111001001110001110
10111110110100100110010111100010
00111111000100011011011011010001
10111111001011011011100111110000
10111111011000010001101001101010
00111110010000111101111000111100
00111101011011101011000011100000
10111100101011101011000011010101
00111110011010111010101010110111
00111111100001100000111010110010
00111111000100001001000110110100
10111111001001000001011111001000
00111111011011101111101011011010
10111110010011110001000000010010
10111111000010010100100000110110
10111110101001100111000001111011
10111110101010101000110111011001
10111110100110001111010111011000
00111110100110010111110000001110
10111110110100111101110111010001
10111110010000110011000100001110
10111111010000111110110001100001
00111111000010001000100110101100
10111100101100000010110000010111
10111111000101000000000011000111
10111110010101101100110000010101
00111111011101100001110000110100
10111111100011100110110000011100
10111110010010011010010011110011
10111110001111000010010100011100
00111110111110101101111100001010
00111111011000111011000010111110
00111101101001010110010101111000
10111111000001001001100101110000
10111110010101000000100100110110
10111110110101000100101000100000
00111111001110000111011010101011
00111111100011100011011111011111
10111110101101011011110001110011
00111111010001110000100010110001
00111111101010000000110101100000
00111111110110001110000011001001
00111101111010110101001101110000
00111111010110100110001111110101
00111111000010011100010000110011
00111111010010110010110010100010
00111110100110001101011000010111
10111110110111010001100010100000
10111100000100001010100010101110
10111111001101011000000011000101
10111110101001100100001111001100
00111111011000100000100100111110
00111111001111100110010110000101
10111110001001000000111100111011
10111111101010001010001000011001
00111110101011010000001110001111
10111111001111000110000110010010
10111111000010101001010011100111
00111111100010101010010101000100
00111100110101010100001010011000
10111110001100000001100101000110
00111110100111110001111100001010
10111110101100110111010111110010
10111111001101100111011011111011
10111110110011011100000100011011
10111111010101111100110100110110
00111111000100000010101010111110
10111111010000111001010101010100
00111111100001101000110000110101
00111111010111100001000010010111
10111111001110111010111111111111
10111110101000111110010010011101
00111101111011011011011110110101
00111110111001001011010010100001
00111110111100011000000011100000
10111111101001111010101100110110
10111111000110010000101001011100
10111100110110011010011010110101
10111111011010101101011100001000
00111111000110111101000011011001
10111100110000001000001110011001
00111100111111001100011010101001
10111110011010001010010110000001
00111111010110100010001000110010
10111111001100001100000110100001
10111110101000000100001010101111
00111110101101011100101110011110
00111111000011111100111011000110
00111101001101001101111011111000
10111111010010010100001010010001
00111111000111101000001011010110
10111110001000110100111101000111
10111111010101001100001111011100
10111110011100000100100011011101
10111101111001110011111100000110
00111110111010111111101111100011
10111111001111001100000011111110
10111101000110111111100100110110
00111111100010110100100001111100
10111110101101111001010000000100
00111111001110110111000010111010
10111110000001011101100010000001
10111110111101100100110101101100
10111101101101110011000100100101
10111110110101110011000010011101
10111101011011011010001000011111
00111110101010111010110000101001
10111110110011001011001010111000
10111111010000110101011001000000