22.711124
28.010239
19.284334
17.282927
39.11416
21.23778
21.420467
19.428312
26.33779
36.562305
45.046844
40.588444
24.653315
47.218773
24.418102
53.05472
29.347727
21.196632
19.982208
48.469257
28.960032
28.89513
19.691021
17.927952
51.542835
22.549505
32.74824
62.485786
32.57132
31.547388
21.547935
45.93281
71.60882
42.53185
21.991632
34.99137
36.860477
20.63923
48.226364
45.162094
30.09803
32.836372
34.738003
26.057962
53.88344
38.52239
17.909964
13.523057
48.05708
56.4422
61.012295
25.91058
20.755663
24.893635
40.09267
31.74383
49.463108
21.22393
31.058126
49.855324
43.734295
27.600487
40.90891
31.41502
31.250298
35.815712
20.38529
45.989944
20.850662
13.432073
51.42443
37.7615
31.798471
30.526466
55.79272
23.321623
27.551716
41.02853
79.24037
28.941322
37.427593
36.498913
20.301128
21.060879
32.542377
24.015945
20.181797
25.371138
50.727177
32.741486
25.199638
57.107815
44.192375
43.860954
40.906536
21.442127
22.76204
33.556477
25.540873
17.15572
37.843216
17.658358
62.075657
37.32815
62.81009
28.223637
42.102966
47.837044
22.699203
75.12953
58.746124
25.24265
61.358173
13.153311
27.6116
18.672028
64.43255
29.141743
17.47357
46.008816
61.631012
28.919
26.820736
36.46094
23.575607
22.105368
50.041126
25.162352