4.406717
-3.8696766
0.15117785
0.7377522
0.64827627
1.5961455
2.171522
1.6166869
1.1970183
-0.23158106
0.9356235
-6.2147245
-3.4356966
2.324565
-0.42489377
2.7161975
1.5364156
1.4283031
1.1428956
-0.7464373
2.2114577
-3.0597188
3.0114162
3.7232237
-1.373258
-0.27672863
0.12203393
-1.8192511
-5.9773016
-3.1719348
2.975519
-6.3268514
1.7111511
3.497326
1.5244905
1.970511
1.8138242
-1.3619215
2.8736842
1.2810116
4.198774
-3.0563076
0.1267524
2.9512718
1.5397859
-5.9669423
4.708987
0.72416836
1.2737255
-3.6811774
-6.947315
-0.4110957
2.3598275
1.0331479
2.6254065
-4.059823
-7.8143063
1.6352887
-4.3329315
-9.270315
-11.205254
-0.603679
-5.456422
-3.0163305
-4.4367294
-1.786485
1.9497566
0.059877187
3.237533
1.190195
-6.3317947
-4.5703506
0.90346503
7.2791133
-2.5240834
3.553744
2.841502
-6.9381595
-0.23173718
0.925173
-1.9013407
2.117607
3.211514
1.8442829
4.808903
-2.7598448
3.4322784
-5.294742
-6.1782346
4.1951857
1.6069275
-0.8771684
-2.9695141
-3.1239014
8.378069
2.7682824
0.12676117
5.314063
-3.0760822
0.097339615
-0.18982162
0.9547376
-6.7134647
4.2185106
2.4807022
-1.8863708
-3.6450517
-0.3054187
3.745695
-5.366954
1.2223773
4.175769
1.8380857
0.40952337
-2.4219553
3.1861286
0.3056658
-5.8742685
1.4988369
-4.966476
1.0261426
2.5870087
0.4632548
2.5378842
0.28170073
-1.5764836
2.8282108
3.8276181