00111110001011000000000100100100
00111110000110011111101011010010
00111110001110111011101110011000
00111110000000000000010011010111
00111110000110111101010111010100
00111110001100011010000110001101
00111110001011001010011101001011
00111110000100011110101110101001
00111110001011011101001001111101
00111110000100010110010011001001
00111110001100100100010000101101
00111110000111111011111111011001
00111110001001111100000000100001
00111110000101000111010101011010
00111110000101111001100110101010
00111110001000100101011000001011
00111110001100101101001100000100
00111110001010110111111101110011
00111110000010011001001010111111
00111110000101000100100011011110
00111110000110100001110011101010
00111110001001000101000001000111
00111110000011011110011010011100
00111110001101000110110000011001
00111110000001011011110010001000
00111110001011100010011100101101
00111110000101111010100001111000
00111110001011101111001001111101
00111110010000001010100101010101
00111110000100111101001111100110
00111110001000110101001000000001
00111110000011101100000000011000
00111110000111000101100000110110
00111110000101011101011110111101
00111101110110101110101110000011
00111110001011010110110101111011
00111110001010110001110111110010
00111110000110001010000000000001
00111110001011001011111101111101
00111110000110101000101001111101
00111110000001010000100001111011
00111110001010010111110010111110
00111110000011001110011101000111
00111110001000111001111010100110
00111110001010100111010011011100
00111110000011000110101101011110
00111110000110010111100101010000
00111110001000111101010001011010
00111110001100101000111000100101
00111110000101110111000000011111
00111110001011000111011001111110
00111110001011001101000011100000
00111110001100111100010100010001
00111110001000100111011000110111
00111110000111011110011110100010
00111110001101000100100011100100
00111110001000010010000111111110
00111110001010010001001001101100
00111110001010010110000000001001
00111110000110110110001011111110
00111110000110101111011001100111
00111110000011001000010111011001
00111110000110101101010111001000
00111110000000110011001011110010
00111110000111000100111101011011
00111110000111101001000111010000
00111110000101110100001100100001
00111110001000001101001010001011
00111110010010010110110110011001
00111110001000010000110110111010
00111110001100101001011000010101
00111110001001101001100101110011
00111110000110010010011111000110
00111110001011100011110100000011
00111110010001110000110001100001
00111110001010101110100100011110
00111110000011111100100101100011
00111110001011000000010100000011
00111110000110110110101001010011
00111110000100101110101100110111
00111110001000011010110011001001
00111110001000111011110111001101
00111110001001010011101011100001
00111110000110010010010001110000
00111110000011111110100000001001
00111110000011110000011111100011
00111110000111000101100110000110
00111110000110001110110010100011
00111110000110011010001010110000
00111110000010010111000000110011
00111110001100011111010111100101
00111110001101100101011111101001
00111110001010111010101011000001
00111110001110101100010000001100
00111110001001001011110001100110
00111110000110001110111100100101
00111110001000100110011100010100
00111110001000110100110001101001
00111110001001000101101010110010
00111110001011111001101100011011
00111110000100011011100100011010
00111110001000001001010010111001
00111110010000100100001011111101
00111110000111110100001000101110
00111110000111100001011101110101
00111110000011000100110010010011
00111110000011110100000010000000
00111110001000111111100110110010
00111110001010101101101001000000
00111110000110100111101011001000
00111110000101100011011100010011
00111110000100111000010010011100
00111110001010011010010001100011
00111110001110101010101111101110
00111110000101110100010100011000
00111110001000010001000010111100
00111110001100001111110011101010
00111110010100001110001110001110
00111110001011110000001111100100
00111110001011111101100100010100
00111110001111101100111110100010
00111110000100001111100011010001
00111110001000101010111111100010
00111110000111010100111011000011
00111110000110001001010100110010
00111110000110111111001110001001
00111110001100011100010010101010
00111110001000001011111010111010