00111110101110010010000101010100
00111110101101010101000001011110
00111110101001000100110111001100
00111110111011100011110001111101
00111110100110101000000111100110
00111110110000110100000011000111
00111110100110110010100011111010
00111110111001010100101100100100
00111110101101010001001001100100
00111110101010000001110101001010
00111110100111111001100001001000
00111110101100101101100101000110
00111110101100011110111110000101
00111110100111011001110010100000
00111110101101011100110111010011
00111110100111011000110111101001
00111110100110111101111101011010
00111110101110001000011110110100
00111110101110100110101011101010
00111110101011011001000001110010
00111110100110110100101100001110
00111110101100010010011101011011
00111110110010101101011001100100
00111110101111111000110001011000
00111110100001010100000110011101
00111110101010101000010101100010
00111110100100000111100100110010
00111110100001111001000010101001
00111110101100001110000111010100
00111110101101111010011000000101
00111110111000101011011001100101
00111110101111010110111011110010
00111110100110001001101110000110
00111110100001111000011101110100
00111110101000001111001101101111
00111110101001111011110000101010
00111110100100111100110110101000
00111110101111011100110111101100
00111110101100111100111111000110
00111110101110001110111100001000
00111110101000111100010000101110
00111110101111100010110101101110
00111110100000111001000010001001
00111110110011011101010100110111
00111110100010101011000111111101
00111110100111100100000001101100
00111110101111100100110100101001
00111110110000111011011101111000
00111110101101010001010101000111
00111110100100101000000110000111
00111110100101001011100010101111
00111110101011100111110111011111
00111110110111011101000110010011
00111110101111111010100101000111
00111110101110000001001101111011
00111110101000110001001111101111
00111110100110110110110111111111
00111110110100100001111000111010
00111110101010001111111010010111
00111110101000100010001111011010
00111110101111000101010101000001
00111110100111010000011110001000
00111110101101100101011100110011
00111110110110001111100001001110
00111110101000010000010110111001
00111110101010010010011000101111
00111110110001000100100110100001
00111110100010000111000110000111
00111110101100010110110000001101
00111110110110111111000001001101
00111110101010010001110010000011
00111110100110011111101111000111
00111110101010000011101010010001
00111110101000001110010001110000
00111110101100001111001100100111
00111110110100110000001100010101
00111110100110001110011000011000
00111110101011011101001100110101
00111110100011111110100110110100
00111110100110111111111101100100
00111110100100111101001111011010
00111110100001011001100110000111
00111110110001000110101101001111
00111110110110000011110011101111
00111110100101101011011000111110
00111110101101001111000011101101
00111110101101100111010001111000
00111110101111010001111010010000
00111110101100101111110110000000
00111110100011101011001001101010
00111110101001001101100100010110
00111110011110000100110101101111
00111110100111011101100001101000
00111110101110101000110011101100
00111110101101111000001100011110
00111110101111000100011110100100
00111110101010010011101101010101
00111110100100001100110101011010
00111110110011011100101110111110
00111110110001101110010010010100
00111110101000001000010101011011
00111110101101100101001110001110
00111110100111101011011111010010
00111110100110111101000100110100
00111110100100010110001011010011
00111110101000110000011000010000
00111110101010110001011111100000
00111110101110001101001000100001
00111110100101001111010010100011
00111110011111001000010001001110
00111110101110111011111101000100
00111110100111001110010010011110
00111110100111110000110110100000
00111110110001001011001000110011
00111110101101001100111011111011
00111110110111111001011111111110
00111110100010110110000010000011
00111110110011000010111001100010
00111110110011010100000000010110
00111110110010001011011110111001
00111110100010101100111010101000
00111110100100111001111001000001
00111110100111000100110111111001
00111110100001110111111111110001
00111110100111101011000111110110
00111110101011001101110101000011
00111110100101111010100100101010
00111110101111101010001000101110