10111101101111011101111100010100
00111111001011101000011010011011
10111111000101101111011000010100
10111110101001001001101110011100
10111111101101101101011101101110
10111110001001000011100110101101
00111111110011011110101011101101
00111111100000110000110011010110
00111110101101000010101010110001
10111110010101101101011000010110
00111110000110101001000111011101
10111110111110001001010001011010
00111110001110100111100110010111
10111110001110011000000101010000
10111111000011100010101111110001
10111110101010011000000011111001
00111111110010110000110010111101
00111110100010010111111011010010
10111111100101001100010011110000
00111110011111111111000101010010
10111111000010001011110111101011
10111111100111001101101010111101
00111111001111000110001010111010
10111111011000100010010010010010
01000000000010000010010001100000
00111110110010101000011010101110
00111110110100000000100110001101
00111111000111001111110111001111
00111111010101110101011111111111
00111110001001011100111011010000
10111110100000101011010110001011
00111100110000011011000111100001
00111110001100011011100001101111
00111110001011000001110010101111
10111111101011110100011001011000
00111110110010011100100010100100
10111111001001110000011111110111
10111110011110011111000111100000
00111110010110000010010100111100
00111110110000100101110110011000
10111100010111100100111111100000
00111111101001110111000010111111
00111111011011100011000110000101
10111111111000000111100001010110
00111101111110011110010000010000
00111111011101000011100101000100
10111111111000011011010101000000
10111111111101010111000101000011
10111111110111000100001111110000
00111110101010001011001101101000
00111111010101001011110000011001
00111111010101011101000001011110
10111111000011110100111100011110
00111110111110000010100000010010
10111111100000000100100011010010
00111110110001010011100100001000
00111101100000001100101010001101
10111111010011101001011001001001
10111111001100101111101111111111
10111111100011100010011000100011
00111101110000100010101010010100
10111110000111100001100110001110
11000000000100010010101000111001
00111110110000111100111110101100
10111111101001001101110010111011
00111111110011001100010101110101
10111111011000011100001001010001
00111111001001000111100110111010
00111110100110100010011010110101
10111111100111000101001101001011
10111111100010010010110100111111
00111110010000101111110010100111
10111111001010110010101111011111
00111111000001101011101010000011
10111111010000100101101011001111
00111111101110011001000001111101
10111111000011010001111111100001
00111110100001000100001101000101
10111111001100101101101001100101
10111111111010000110000100011001
10111110001101101000110010010011
10111111100010001111110010010100
10111111111110010111100101111001
10111110111111010000110111000110
10111110100000101101110010110111
00111111010001010100011000011101
00111110101111110111000011011101
00111111110110001010011100110101
10111111010010000111111000000111
00111111001000000100011010010011
10111110100100100100010111011011
00111111001101110111101011010111
00111110000001001010011101100111
00111101011001111001101010111110
00111111100011101010110000111011
10111111100011010010011000000010
10111110111100111110001110101111
00111111011000001011101110011001
00111110001101000100010111010100
10111111101111110110010001011000
10111111010110010010111000111110
00111111000001001100000100010111
00111111000101000100111001000100
10111111101010101001111101000111
00111111101010011011101010111000
10111111011001100001000110111010
00111110110011011000100111111010
10111101101111100100111001110000
00111101010101011010001010100111
10111110111010100101011100111011
00111111110001010100011110011111
00111110100010011011110001101000
10111111010111110110000001101000
00111111100010000101010000010111
00111101101000010100011101100101
00111111011111011110001001101000
00111111110011101100100000101001
00111111100101111110101011100111
00111110100001100001111000011110
10111110110001100010010000000000
00111100111010110000100010010011
00111111001011100101100111010101
00111110101110100001011010100000
00111101110100001000000010101110
01000000001001010111010101101110
10111111110100011111011101000010
00111111110101101010100111100010
00111111010100001011000010010100