00111111000100011101101110101001
00111110101000110010000100101110
00111110110011101110111010001010
00111110101100000001011101101100
00111101110011101000010011111111
00111110100010111001000100011010
00111111000100110001010111110001
00111110010111010000111001010111
00111110101101001101100010111100
00111110101001001000011000101110
00111111010110100111011101000101
00111111000011101011110000101010
00111110101110110001011010001111
00111110100001011111000110101110
00111110100000101001001000101110
00111110110100101111101010100011
00111110110001001000001001011111
00111110111101010111100101101011
00111110111011011101101110110111
00111111010000000101101011110010
00111110110110011111100101111100
00111110111001100011001001011101
00111111000011000100100111000100
00111111000001101111011111101001
00111110100110101100010100001000
00111110110100100001101010001110
00111110110110111010011110000101
00111111000001100101100100101000
00111110011111001100010000110010
00111110101011001111101100010100
00111110100110101100100001110001
00111111011110101011101111010001
00111111000100110111001110001011
00111110111010011100110001111101
00111111000001010010000000100110
00111110101010110101101100111110
00111111000110111111101010000010
00111110110011110010111011111001
00111111100000010011000110000111
00111110000010111000100001110101
00111111000111100111111110111100
00111111010011111010000101110011
00111110111110101101001011100000
00111111010100000001000101101101
00111110110000000110100011011100
00111110101110100000101001100101
00111111000101010100101011011110
00111110110110100010101111010101
00111110111000010000111001010101
00111110111011101000111010011001
00111110110000011011000000001011
00111110110110111101001111111000
00111110100011111001100001101111
00111110111101011001010110001010
00111110010111100110110000010011
00111110110110011010101001011101
00111110110001000100011111101101
00111110101100001111111000001101
00111110110011100101010010010001
00111110101100101110110110110000
00111111010010100000010101001101
00111110110000011101111011100110
00111111001000000000001010101010
00111111000101100110101111000001
00111110101110110010011100001100
00111110101111110110110000110100
00111110110010101100000010100010
00111110110010111001111000100001
00111110111001001110101000110101
00111110101100000110110101010111
00111110110010110111001111111110
00111110011101110001010011110101
00111110101010000011001100100111
00111111000101010101110111011000
00111111011001000101101110110000
00111110100011001011100110111110
00111111000110111001011111111111
00111110011011011111111001011101
00111110101101010000000010101001
00111110111011001100001111111100
00111110111101110001101011101011
00111110110001001011011011001111
00111110101100011111100100010011
00111110101001010100110010010110
00111110111010111011010000011101
00111110101011111010101111011111
00111110111110100110000011010111
10111110101010011011101001010100
00111111000110000001111101111011
00111111000110011101100111000101
00111111000010101100101000101010
00111110110101001110101110111011
00111110110101110111000101010100
00111111010010100011011111000101
00111111001110011000111110101011
00111110110011001100001000101010
00111111000010010111111111101101
00111110101110101011101100001100
00111111001111010011100011011011
00111110001010110000100110000000
00111110101010011100010101101101
00111111000000000100110111110011
00111110100111000110001110100011
00111111000001000100100111010001
00111111000101011010001011000101
00111110101101011110110001010010
00111110011100001000010100001011
00111110000001000010100011010101
00111111000011000000010011011100
00111101111101000000110000010111
00111111010100001010000101110101
00111111000010000111101110010011
00111110111010000101101101011111
00111110101011001011001001110000
00111110101110001101110000110011
00111111000100011100001000100001
00111111000001010100001001010100
00111111010000001101010011000111
00111110011000100100110100000010
00111111001001010011000101101111
00111110110101111110001110010101
00111110110101100001000001011011
00111110110011110101010000101010
00111111000111000101010011010100
00111110101110011100000100101000
00111110110011101000110011101100
00111111000101101010110000111011
00111111001011100111010001000100