7.6476617
7.9730244
9.709559
4.6177464
10.979984
6.8751335
10.887799
4.9850473
7.994362
9.274345
10.291057
8.194364
8.278691
10.551671
7.9300933
10.559371
10.788494
7.6974893
7.542379
8.701007
10.86914
8.351939
6.3705277
7.1436954
14.761654
9.0143795
12.558258
14.263095
8.37761
7.771578
5.099222
7.304112
11.255103
14.270669
10.11836
9.316351
11.998727
7.275582
8.106826
7.663922
9.773414
7.247061
15.143741
6.186432
13.626513
10.466512
7.237623
6.842594
7.9933653
12.212195
11.851033
8.608749
5.32675
7.1352706
7.7355113
9.856117
10.850057
5.9366293
9.177988
9.970474
7.389724
10.630092
7.8834805
5.567533
10.109382
9.161211
6.802841
14.080029
8.326691
5.418219
9.165304
11.054835
9.261738
10.125729
8.371202
5.8864255
11.2122555
8.674915
12.656283
10.77119
11.9948
14.685857
6.7937293
5.605293
11.540039
8.0059185
7.8736014
7.32839
8.18141
12.872916
9.645563
17.006395
10.520469
7.5316396
7.7831306
7.393899
9.152268
12.5013
6.1886573
6.6257634
10.172646
7.8847117
10.405084
10.796149
12.40108
9.86267
8.954176
7.673289
11.813795
16.443449
7.4359236
10.648582
10.361272
6.7746105
8.017666
5.2424936
13.493529
6.2869415
6.221604
6.505819
13.604535
12.028851
10.728921
14.27685
10.408086
8.77162
11.3960705
7.212423