35.44119
44.22448
29.751238
63.980103
43.177586
33.23143
35.175224
49.244556
34.703785
49.6021
32.995007
41.087605
37.26152
47.575268
45.623707
39.788612
32.789417
35.65089
55.401844
47.686832
44.14808
38.836655
52.074097
32.21115
58.626354
34.57206
45.58892
34.258877
28.248468
47.982082
39.310486
51.45612
42.896725
46.700253
87.51534
34.861874
35.809776
45.013092
35.136745
43.903866
59.247906
36.501762
52.813946
39.166748
36.087837
53.17867
44.51652
39.06651
32.8883
45.721535
35.253025
35.10913
32.445396
39.727077
42.05318
32.260315
40.385117
36.681313
36.55011
43.427246
43.665325
53.10041
43.737225
60.916042
42.915714
41.701313
45.827847
40.541138
25.842999
40.424828
32.876884
37.77822
44.70188
34.538223
26.46466
35.896305
50.717064
35.434956
43.41124
48.577618
40.114708
39.108555
38.407036
44.709488
50.632717
51.254528
42.893917
44.837032
44.422905
55.510693
33.108494
31.535957
35.58066
30.06012
38.637768
44.83129
39.75601
39.321003
38.81742
34.00236
49.37812
40.66317
27.784975
41.341293
41.953846
53.2699
51.096405
38.997032
35.920715
43.93875
46.468987
48.18378
36.435146
30.090473
45.823196
40.418934
33.473377
24.029858
34.232273
33.9088
28.79902
49.891132
39.617134
42.373066
45.038006
43.11335
33.18017
40.580196