-1.5757349
-0.8997081
-1.2594455
-0.7391464
-0.33415794
-0.7147996
-1.8959222
-0.48203722
-0.99875623
-0.9786439
-2.7377563
-1.5961536
-1.0514371
-0.8498352
-0.71819663
-1.3390875
-1.2607054
-1.330267
-1.2759429
-2.216531
-1.4036324
-1.2994179
-1.3832568
-1.4092368
-1.1614434
-1.2321279
-1.5203791
-1.9820483
-0.71450514
-0.9419122
-0.6827281
-2.647196
-1.9324257
-1.7250817
-1.6542383
-1.02159
-2.1106226
-1.0915632
-2.8739736
-0.37725148
-1.9356723
-2.1835465
-1.9064683
-2.0217185
-1.3872831
-1.1755998
-1.5690106
-1.1147298
-1.2428325
-1.6283092
-1.3023522
-1.2598194
-0.64735514
-1.2813448
-0.6041582
-1.3347335
-1.2628281
-0.84234726
-1.2209293
-1.1035427
-2.1453562
-1.2346139
-1.7550715
-1.38656
-1.1622767
-1.1316798
-1.0329357
-1.4923227
-1.2902277
-0.802165
-1.2030716
-0.8022998
-0.9998279
-1.856727
-2.58105
-0.6669077
-2.0352511
-0.68457806
-1.2577231
-1.5177512
-1.6715772
-1.472414
-0.90608746
-0.76443154
-1.5639348
-0.9708759
-1.3722745
0.897464
-1.6997907
-2.1563275
-1.6838508
-1.7150116
-1.3648973
-2.1679692
-2.0223312
-1.0875219
-1.624987
-1.2895572
-1.8389299
-0.42997295
-1.0576266
-1.4074155
-0.98532724
-1.697994
-2.0584621
-1.1159307
-0.70289063
-0.35753414
-1.8800095
-0.48322967
-2.2224648
-1.7398185
-1.4608753
-0.87798905
-1.0224084
-1.3037783
-1.9122108
-1.888824
-0.55128
-1.6460245
-1.555315
-1.4501188
-1.3264408
-2.307478
-1.1705116
-1.1948707
-1.9869705
-1.830257