0.55193746
-4.533733
3.2165132
2.571618
9.3864
0.9245303
-9.541316
-7.18474
-2.0730004
1.4776176
-0.86707234
3.112118
-1.1116208
1.2495428
3.7512245
2.088307
-9.083767
-1.603465
8.65106
-1.7260227
3.5491338
7.636834
-5.310347
5.0136356
-16.287806
-2.3258405
-2.7435045
-3.5894582
-4.4709253
-1.121629
1.6006477
-0.16960976
-1.1367228
-1.1486179
12.810145
-2.3270078
3.9044898
1.63764
-1.2512183
-2.5153925
0.10444392
-7.903386
-6.761892
10.975208
-0.7330049
-6.9569783
11.765286
11.985262
9.868783
-2.2279854
-4.934042
-4.9489408
3.1887236
-3.0549529
6.499331
-2.1879034
-0.39964312
4.887553
4.2269335
7.3184633
-0.6264945
1.1250827
15.000727
-2.9849496
8.437707
-10.330925
5.9700046
-4.0908594
-1.5305827
7.7651334
6.145008
-1.1703938
4.470529
-3.092972
3.9056785
-8.685916
3.9259417
-1.5377641
4.6032295
12.653481
1.129112
6.6928277
12.078896
3.3048184
1.8187125
-5.5169616
-2.4488807
-11.333872
5.219947
-4.664659
1.64388
-4.0249295
-0.77273965
-0.31001988
-6.928557
7.3834896
3.003515
-5.504835
-1.0968547
8.71916
5.9614625
-3.3068495
-3.053731
8.570828
-8.588911
6.5593925
-2.869615
0.5802896
-0.31260198
3.0339375
-10.506519
-1.8673784
5.267007
-5.8424945
-0.5330832
-6.305127
-9.34671
-5.8181205
-1.5326401
2.2535448
-0.15397003
-4.8106112
-2.2876854
-0.66272247
-17.350183
10.770841
-9.660382
-5.193063