00111111010000011000011001101000
00111111010000110011000101100110
00111111011000011110011111111101
00111111010101101111000010110110
00111111100000011000111011011100
00111111010101000101010000110000
00111111100100011011011100001000
00111111011011011110000101010101
00111111001100100101000011000110
00111111100100100101111000001011
00111111010010000100001000101110
00111111100010000101110010111011
00111111010000111011111101011110
00111111010101001000101100000101
00111111010000011111110000101010
00111111011100101111011010010110
