00111111100111001100000001000001
00111111110001101001010010110111
00111111011101011000100010001111
00111111100111001101010011100011
00111111100110111110001111110010
00111111101010010001010001110000
00111111101001011010101000001110
00111111100001000001111000111001
00111111011111000001011110010000
00111111100110100000000010111000
00111111100000001001011010100000
00111111110010111111101101001111
00111111100111001001010110011010
00111111101000110100111011110100
00111111100100001000001001101101
00111111101010000101000100101001