00111111010001110100110001111111
10111100110101000111101100110111
10111111001001011111001100100001
00111110111011100111011101100111
00111101110111011111001010101001
10111111101110101110110001111010
10111111000110010111100101110011
00111100100000101110100101000000
00111110001111111010111010100010
10111110111111100101100011101001
00111101110101100111101101100010
10111110111001001101001010011100
10111011100111100001010110110010
00111111011110011001101010110110
00111100111011100111000111000110
00111010101110111110001100100000