00111110101011111110101100010111
00111110110101011001101101000011
00111110111011011111110111111001
00111110110011010111001101111111
00111110101110011011110000010011
00111110110100011011110010011010
00111110110111011011111000001100
00111110101110000100001010001111
00111110101110110101110100010100
00111110101111000101100011111101
00111110110000100011110101110110
00111110101011010001110100100100
00111111000011000100000110011111
00111110110101100111110011011000
00111110100100001000000100111100
00111110111111101001100110000011
00111110110000111000001010110110
00111110100101100010100011110001
00111110110001011010110000111000
00111110110101111011001111010110
00111110101001010011111111000001
00111110110100111101001110000110
00111110100110010110110100111111
00111111000000010001101010110001
00111110110111000001100110011111
00111110101101100100100000101010
00111111000001101100111010101101
00111110111001011111100001010001
00111110100111100110111100101001
00111110101110101110010011000011
00111110110111010110001001101100
00111110101000111110001111110000