00111011111111100111100111000110
11000000000101000111010000000100
10111110111111110000110110010001
00111111010110110000111111101010
10111110111011011100111000111111
00111111000001010000010101000101
10111111011110100000101100000001
10111111100111101110000110010010
00111111101001011111101100100011
10111111010101001011110000111000
00111111101110011011101100011001
00111111100100101011000011000111
10111111011110110111011001000100
00111111011011000101000111000001
00111111110100011101100001111011
10111111110000000100010001001100
10111111001000110011101111000101
00111111101001000001010100001001
10111111100100000010101101111001
00111111100001100000010100010000
11000000001101000010111011111000
00111111100111001010110110011010
00111111101111000001101110001010
00111110111000000010001001011000
00111111101000010111100001111000
00111111011011100110111011101011
00111101000010101000101110000001
01000000011111100111011011110000
10111111011001000111100000010010
10111110101010011000110011001010
00111110000110010100110010110101
00111111111000101000100000110010