00111111010001001101000110011000
00111111000010110100000011101001
00111111001000111101001001011111
00111111000101010001011100010110
00111111001100010010100101011011
00111111001100100111000100110011
00111111000011110000110011011000
00111111001010011101100010100111
00111111001000100110101000010110
00111111000010100011100101010011
00111111001000100110011001000110
00111111000100100111010010010000
00111111010010000010111010101110
00111111001011101111110011001000
00111111000101100001011101011111
00111111001001000110100010101111