10111111100011010001001111100111
10111111100011111110010111110110
00111110101001101110001100100000
10111110000011001010110000100010
10111110100101101110100110001000
10111111010011001011011100111000
10111110101001110101000101101001
00111111000000010000000000011000
00111111011011000010111001111011
00111111010111000101101111111110
10111110101001100111001001011111
00111111000010110010001100110111
00111110101010011010110000011011
00111110011000001011001001000011
00111111011011010111000100000100
10111110111011011110110111011100