00111110100100001100000110001110
00111110100000000111110100000001
00111110010101110101110000110010
00111110100110011110001110100010
00111110100100000110110100010110
00111110101000000001001010011011
00111110010110110110000010010001
00111110011001011101111111110011
00111110101110000111111101101100
00111110100100100010010101010111
00111110100101011010110110000110
00111110111000110011101101101111
00111110100010100010100010010000
00111110100001111111110100111110
00111110110001010110100011001111
00111110100010111110000011010110
00111110100100111000111111111001
00111110010101100011001010010110
00111110011101001011111110000100
00111110011111010010010110110100
00111110011100110111101011011010
00111110010110100100110101100111
00111110101001000000010100101110
00111110101100000000100001011001
00111110100100101101111000101110
00111110011000000000111001110111
00111110010101011101001101011110
00111110010110111000010001000010
00111110100011110001111001111000
00111110010101110000101011000110
00111110100100010001100100100011
00111110100111011110011010100100
00111110010110100100100010000100
00111110100000010101001000101000
00111110100101111110110110100111
00111110100100100001000000010111
00111110100100100100100010110000
00111110010011101101101101100011
00111110011100011011001010010000
00111110011111111001001001001100
00111110101010010001111010101000
00111110100010101100100100110101
00111110111010100000011101011010
00111110101000110111001001011100
00111110101010011010001101111101
00111110100001111100101000100011
00111110010010000000110111001010
00111110010111101001011001111100
00111110101001001010011100000011
00111110011111001000011110001111
00111110101100001000100011011001
00111110011000000111010001001101
00111110100011100100111110100000
00111110011001111011001001001000
00111110011001101101111011000001
00111110100001100111010101110110
00111110100000101100110110001011
00111110010010011001100001101010
00111110100011011010111100100100
00111110100011110110101111011101
00111110101001110000011100100010
00111110010001100001000111001111
00111110101101001100010101000111
00111110011110010000001100100010