00111110110010111111000010111011
00111111100101011101111001111110
00111110110010011001100010111001
00111111100111111011101011000011
10111110110000111101000100111000
00111110100111111000100000001000
00111111001110000101110110101011
00111110111111101100101100110001
10111110010101110011000011010101
00111110000011010011101110110001
00111111100000101100100110101001
10111110010101011100100001110110
00111101100000110111001000011001
00111111001001110100001111101001
00111111110100110100101011111001
00111111100101111100100011000101
00111110101001010110001011000000
00111101000010000101101101001010
00111011101100111100000101000000
00111110111100010010100010010101
00111101000011001011110111010111
00111101000001010110001001000100
00111110100001101011110010111111
00111110111101011010111100001101
00111110010101111111100010110101
00111110101100010001111010111001
10111110001010101111010100010110
00111110000010100010011000010100
00111111101000011010100010001111
00111111001011111110011000110011
00111111110000010011100100011001
00111101111001010000001011011000
00111111001101111000010110110000
00111111101100110110010101000110
00111111010000010110100110011110
00111110011000000111010000111101
00111111011001110101110010010001
00111111001100101001100001101110
00111111001000110110101000000100
10111111001101101000011011111100
00111111000101000101110101111111
00111111001010110010101001000101
00111111011111001000011001010101
00111111100001100110110111111000
00111110101111011000011011111101
00111110001000010101111010010110
10111110110010000111100111000111
00111110100000101011101110010001
10111110000010010100100010110001
00111111011001000010000100001111
00111111101000010100111100111011
10111110010010111111011111110001
00111111010110001100100011101111
00111111011011110100011111100100
00111111010000100001011110110101
00111111001011111011000010101100
00111111011011101010101101011100
00111111000011111111000100101011
00111110111000100011010001111111
00111111000111110000011000110110
10111110100011011010110101011100
00111110110011110011011111100010
10111110100000011010000100110000
10111110000011100000101110111110