-1.4088553
-4.665611
-1.8721809
-4.1518064
1.35583
-0.99661833
-3.3616233
-2.2168043
0.5831799
-0.4831925
-3.4951797
0.47040668
-0.23785318
-2.4599783
-4.281313
-4.3404675
-1.1207852
-0.15914813
-0.022951517
-1.9052823
-0.14451046
-0.15275127
-0.8214675
-1.3956721
-0.73525774
-1.5810298
0.7995176
-0.6293316
-4.5181537
-3.271903
-5.3266835
-0.36258665
-3.3630104
-5.5488496
-2.5461028
-0.76834756
-3.1631851
-3.4535055
-2.7044404
2.8567708
-1.7545581
-2.4666054
-2.1580663
-3.2898688
-1.1172414
-0.5941894
2.0042171
-1.1746615
0.41689026
-3.6135042
-3.6550236
0.90873075
-3.046635
-4.130937
-3.3628016
-2.6132925
-3.6492977
-2.8560588
-1.5965446
-2.2175815
0.8482249
-2.092379
0.7170946
0.5704373