12.50926
15.877619
22.60737
11.06839
12.566488
10.229703
21.786976
19.842451
7.70019
12.272457
11.700053
5.07592
13.732621
14.174257
6.7257338
13.396985
12.037948
22.853445
17.503965
16.36164
17.686796
22.00206
9.7431755
8.458675
12.152075
20.88642
22.933027
21.75931
12.797091
22.674297
12.450335
10.51306
22.005909
15.67381
11.355969
12.286412
12.249297
24.504272
17.948633
16.0527
9.164396
13.608707
4.785319
9.811678
9.108414
14.215967
26.199284
21.162966
9.668497
16.441792
8.410635
20.812449
12.942828
19.531656
19.67172
14.498775
15.320635
25.800135
13.057624
12.743194
9.395413
26.726875
8.021029
16.909582