00111110010110111000100001110000
00111110100011000001101101100100
00111110010110101101000010100010
00111110011110111011011001000010
00111110100101110101100011001000
00111110100001110000100001111010
00111110100110001111111001001101
00111110011010001101100101111101
00111110011011100111100111110000
00111110101100110001010000111101
00111110100000111000010110110111
00111110100110001101011000000010
00111110100100000100101000101001
00111110100010011100011100101010
00111110100011010011011111110010
00111110100010110100010000010010
00111110100101000011101001001000
00111110100100001001010011000010
00111110100000011111111000000000
00111110101000000011100001100111
00111110100100010011100011010111
00111110100101001111110011001111
00111110100111111100000110110010
00111110100010111001100000101001
00111110100010111001101010011101
00111110100011101101000110010101
00111110100100011101000100101011
00111110100001100010000111101010
00111110011011001011001110100111
00111110100110001001111000110011
00111110100011010010111010101001
00111110101110010001100011111111