00111110111100101100010000110100
00111110111010000100100101000110
00111110110000101010010100011110
00111110111101010011101110111101
00111111000000001101000010110110
00111110110010101010110111001001
00111111000110000111001101110101
00111111000100101010110110101000
00111110110110101001000111000100
00111111000000100111110110100001
00111110111001001001010010010001
00111110101001101000010110001001
00111111000011111000001001110110
00111111000000001011000011111001
00111111000011110011000100010001
00111110110000111111111110100111
00111110110110001011100111000010
00111110110101011101101010100010
00111111000001011011101010001011
00111111000111010000000111111010
00111111000100110110101100001110
00111111000000001101101110011010
00111111000000101110111101011111
00111110110101010110111111000010
00111110111010000000000010100001
00111111000011011000001001000000
00111111000001010001010011010101
00111111000011011110100111111111
00111110111111011011010100111010
00111111000011110011010100001010
00111111000010001100100000011001
00111110111010011101000001000101