01000000001001100111110001010011
10111111010111001111110010001000
00111111111001001010000111010011
01000000100011001011110111110011
10111110100011110111001101110111
00111111101111010000100101110111
10111111010110110010101000100000
01000000000000000111000001010100
00111111100101101011011111000011
10111110010000000100000110111001
11000000000011000010011110110010
10111110111010011011000111010111
10111111111010011000101011011010
00111111111010001100110100000100
01000000011111001101011010110011
11000000000000001101101100000100
01000000001101000011110000001010
00111111100000110110000110000011
10111111011111011100111111111110
10111111100011101101100110000110
00111111100111011011101000100101
01000000001100111101000100000110
00111110011100010111001101011110
01000000010001110101101010101001
00111100110111010001011010001101
01000000011000110101011111011011
00111111111110010011101100101011
00111111100010000111100110010001
10111111111001011011010010000000
00111110001000010110011101101011
10111111101010000100111101001110
10111111101100011011010001101001