00111111001110001001001010110110
00111101010011011000000000001110
10111100001011000110011100010011
10111101101100111111000010101010
00111110100100101111110111110001
10111110011000101010101011000011
00111110101101110000100100100100
00111101111010010100010101100011
00111110000111000000101000111100
10111110011001010100011001011101
00111111011110110100101100011011
10111110101111001010100011010001
00111110111100101000111000001111
00111110100001100111101000001011
00111110000000001000111011011110
10111111010100101110001111101100
10111110001001010101111011110000
00111111001111101100001011101101
10111110111001000001100100100110
10111111101000111010111101110010
10111101101010100011000101001010
00111110101100100000001101100101
00111111011101010101101001111101
00111110111010101101101111010111
00111111100000100011000110100000
00111111101001101001001101101100
10111110110110101010011001011111
00111111000010000000001111011100
00111100011011001010110001011000
10111111101111000111011001001110
00111101101111101111000010010110
10111111010000100100111001101000